started_at=2026-07-15T20:13:33.6357487-06:00
command=supabase migration repair 20260629190000 20260703090000 20260706100000 20260706110000 20260706120000 20260706121000 20260706122000 20260706123000 20260708174000 20260712090000 20260715104500 20260715110000 --status applied --linked --yes
operator_approval=explicit_user_message_you_have_approval_for_repair

exit_code=0
ended_at=2026-07-15T20:13:35.9665666-06:00

