started_at=2026-07-15T20:22:47.1120335-06:00
command=supabase start
workdir=C:\grookai_vault_clean_history_apply_20260715

exit_code=0
ended_at=2026-07-15T20:23:15.1740366-06:00

