started_at=2026-07-15T20:23:23.5500829-06:00
command=pwsh -NoProfile -File .\scripts\migration_preflight_strict.ps1 -Phase PrePush -ExpectedLocalOnlyIds 20260523183000,20260713190000
workdir=C:\grookai_vault_clean_history_apply_20260715

exit_code=0
ended_at=2026-07-15T20:24:01.1417590-06:00

