started_at=2026-07-15T20:26:33.8053875-06:00
command=pwsh -NoProfile -File .\scripts\migration_preflight_strict.ps1 -Phase PrePush -ExpectedLocalOnlyIds 20260715120000
workdir=C:\grookai_vault_card_desc_agent

exit_code=0
ended_at=2026-07-15T20:27:11.6584660-06:00

