started_at=2026-07-15T20:27:36.5080153-06:00
command=node --test tests/contracts/trust_safety_block_report_v1.test.mjs

exit_code=0
ended_at=2026-07-15T20:27:36.6521671-06:00

