started_at=2026-07-15T13:31:29.6708923-06:00
command=supabase db reset --local --yes
workdir=C:\grookai_vault_card_desc_agent

exit_code=1
ended_at=2026-07-15T13:31:30.6398092-06:00

