started_at=2026-07-15T13:31:58.2030566-06:00
command=supabase start

exit_code=0
ended_at=2026-07-15T13:32:26.9302858-06:00

